0 0 0 4.695018 9.223979 33.251650
1 1 0 5.517812 18.311201 28.017769
2 0 0 3.381417 3.370813 24.559830
3 0 0 4.111072 8.295176 28.892731
4 0 0 3.011919 3.482605 24.146308
5 0 0 3.609656 6.201202 20.978286
6 0 0 2.662428 2.917954 15.506200
7 0 0 3.381417 7.791310 21.988879
8 0 0 1.100979 3.529663 3.796876
9 0 0 1.162709 3.053723 3.822800
10 0 0 0.827597 2.161821 1.727075
11 0 0 0.968085 3.239736 3.165136
12 0 0 0.976758 1.152862 0.912981
13 0 0 1.016542 3.313396 3.313396
14 0 0 0.932482 1.566046 1.532964
15 0 0 0.894996 2.854908 2.801810
16 0 0 0.740463 1.956694 2.199963
17 0 0 0.774340 2.129928 1.915291
18 0 0 0.756155 3.753829 1.876483
19 0 0 0.752955 2.358623 2.219498
20 0 0 0.788222 2.200043 1.420858
21 0 0 0.789998 2.517617 2.085446
22 0 0 0.746648 3.546151 2.234355
23 0 0 0.837662 1.682057 1.647623
24 0 0 0.732898 2.584136 2.379477
25 0 0 0.756155 2.232265 2.310165
26 0 0 0.689725 3.304194 2.716517
27 0 0 0.725511 2.987565 2.342339
28 0 0 0.724054 4.724944 2.499818
29 0 0 0.700292 3.171085 3.082066
30 0 0 0.718295 2.624652 2.301301
31 0 0 0.709853 3.488547 3.257167
32 0 0 0.707091 4.201089 2.719532
33 0 0 0.863028 2.383633 2.225883
34 0 0 0.716872 4.468004 2.465716
35 0 0 1.609890 4.454666 6.919825
36 0 0 0.799021 2.231223 1.674652
37 0 0 0.802698 1.709317 1.936329
38 0 0 0.769280 2.426761 1.563283
39 0 0 0.776044 2.276946 2.367687
40 0 0 0.729922 2.430775 2.118681
41 0 0 0.754551 2.734580 1.855990
42 0 0 0.902211 1.219299 1.582829
43 0 0 0.756155 3.258412 1.858268
44 0 0 0.970956 1.077546 1.058941
45 0 0 1.053301 2.583111 2.602248
46 0 0 1.648410 5.647449 10.197698
47 0 0 2.326283 3.303807 16.117863
48 0 0 1.648410 4.613369 8.673891
49 0 0 2.418813 6.796057 17.398553
50 0 0 1.452117 2.817488 5.242760
51 0 0 1.689150 5.712312 8.961907
52 0 0 3.052935 3.833262 20.036853
53 0 0 2.859898 3.526850 17.715011
54 0 0 2.221546 2.935075 11.642138
55 0 0 2.724645 5.528417 21.309169
56 0 0 1.019760 3.132831 3.132831
57 0 0 1.171559 1.968933 2.576935
58 0 0 1.003903 1.021190 1.021190
59 0 0 0.746648 3.438685 1.953163
60 0 0 0.935113 2.154177 2.078033
61 0 0 0.827597 1.541254 1.897736
62 0 0 0.997719 1.239558 1.239558
63 0 0 0.757767 2.337835 2.178363
64 0 0 0.793578 1.799543 1.620690
65 0 0 0.626002 4.836748 3.654457
66 0 0 0.716872 2.589291 2.172459
67 0 0 0.716872 1.691838 2.162093
68 1 0 0.707091 3.042212 2.580757
69 0 0 0.722604 2.967463 2.618742
70 0 0 0.670880 4.086037 2.768548
71 0 0 0.679523 4.519398 3.014150
72 0 0 0.737416 2.533872 2.468756
73 0 0 0.645305 3.408021 3.159860
75 0 0 0.694962 4.392048 3.105146
76 0 0 0.724054 1.976666 2.109363
77 0 0 0.619863 4.628272 3.721589
78 0 0 0.789998 1.937159 1.854057
79 0 0 0.661310 2.906686 3.056986
80 0 0 0.653193 4.994413 3.204095
81 0 0 0.622915 4.718152 4.159738
82 0 0 0.668457 3.939344 2.792897
83 0 0 0.628080 4.919694 3.903319
84 0 0 0.693644 2.562001 2.696557
85 0 0 0.709853 3.763450 2.314853
86 0 0 0.700292 3.169574 2.543972
87 0 0 0.617847 5.344584 4.213706
88 0 0 0.698950 4.271453 2.512329
89 0 0 0.641991 4.094049 3.417157
90 0 0 0.738936 2.476162 2.036935
91 0 0 0.705719 2.441005 2.039864
92 0 0 1.042971 1.788885 1.846435
93 0 0 0.858676 1.916210 1.265499
94 0 0 1.766429 3.276681 9.362593
95 0 0 1.505906 3.035491 5.471664
96 0 0 1.732319 5.323269 9.685750
97 0 0 1.522143 3.631813 6.346737
98 0 0 1.137068 1.343329 2.016613
99 0 0 1.093317 3.849420 4.884565
100 0 0 0.887915 1.750151 1.696800
101 0 0 0.982642 1.342625 1.332270
102 0 0 1.019760 0.878286 0.878286
104 0 0 0.867432 1.772101 1.462715
105 0 0 0.899791 2.414301 2.102001
106 0 0 1.049831 1.095483 1.138662
107 0 0 0.919585 1.256513 1.227745
108 0 0 2.163790 3.778167 17.481763
109 0 0 2.145305 3.040061 15.380709
110 0 0 2.127185 3.431038 12.355731
111 0 0 2.182650 2.683165 15.142936
112 0 0 0.979690 1.273117 0.982030
113 0 0 0.837662 3.353683 2.924530
114 0 0 0.735903 2.996826 1.973509
115 0 0 0.634413 4.998281 4.023747
116 0 0 0.919585 1.689693 1.725969
117 0 0 0.764296 2.715101 1.762509
118 0 0 0.764296 1.953104 1.685034
119 0 0 0.657802 4.418273 3.444402
120 0 0 0.772645 2.745237 1.540481
121 0 0 0.641991 4.088326 3.517973
122 0 0 0.863028 1.591501 1.375539
123 0 0 0.675787 3.125803 2.882625
124 0 0 0.789998 2.511823 1.708400
125 0 0 0.729922 3.064467 2.284556
126 0 0 1.023002 1.115511 1.190064
127 0 0 0.732898 3.112078 2.089683
